大樂透AI・大樂透
VIP 歷史紀錄

最近5期歷史
最新在上

最新一期
開獎號碼：01 06 16 20 34 49
第1組：02 03 04 30 37 48
第2組：(01) 02 03 30 37 48
第3組：03 04 05 30 37 48
核心四碼：03 30 37 48

前1期
開獎號碼：13 18 25 39 40 46
第1組：02 03 04 09 41 45
第2組：01 02 03 09 41 45
第3組：03 04 05 09 41 45
核心四碼：03 09 41 45

前2期
開獎號碼：12 14 25 30 32 44
第1組：04 05 06 16 28 41
第2組：03 04 05 16 28 41
第3組：05 06 07 16 28 41
核心四碼：05 16 28 41

前3期
開獎號碼：08 09 16 20 37 49
第1組：(09) 10 11 13 31 46
第2組：(08) (09) 10 13 31 46
第3組：10 11 12 13 31 46
核心四碼：10 13 31 46

前4期
開獎號碼：20 26 29 31 37 49
第1組：09 10 11 13 14 25
第2組：08 09 10 13 14 25
第3組：10 11 12 13 14 25
核心四碼：10 13 14 25

備註
（括號代表中獎號碼）

請觀察中獎週期再行下注。
僅供參考，不保證中獎。
投注風險自負。
